
1 1 0.003070
1 2 0.006149
1 3 0.009246
1 4 0.012371
1 5 0.015531
1 6 0.018733
1 7 0.021984
1 8 0.025289
1 9 0.028652
1 10 0.032074
1 11 0.035557
1 12 0.039099
1 13 0.042697
1 14 0.046348
1 15 0.050044
1 16 0.053778
1 17 0.057540
1 18 0.061319
1 19 0.065102
1 20 0.068876
1 21 0.072623
1 22 0.076329
1 23 0.079976
1 24 0.083545
1 25 0.087019
1 26 0.090378
1 27 0.093603
1 28 0.096676
1 29 0.099579
1 30 0.102293
1 31 0.104803
1 32 0.107093
1 33 0.109149
1 34 0.110957
1 35 0.112507
1 36 0.113788
1 37 0.114793
1 38 0.115516
1 39 0.115951
1 40 0.116097
1 41 0.115951
1 42 0.115516
1 43 0.114793
1 44 0.113788
1 45 0.112507
1 46 0.110957
1 47 0.109149
1 48 0.107093
1 49 0.104803
1 50 0.102293
1 51 0.099579
1 52 0.096676
1 53 0.093603
1 54 0.090378
1 55 0.087019
1 56 0.083545
1 57 0.079976
1 58 0.076329
1 59 0.072623
1 60 0.068876
1 61 0.065102
1 62 0.061319
1 63 0.057540
1 64 0.053778
1 65 0.050044
1 66 0.046348
1 67 0.042697
1 68 0.039099
1 69 0.035557
1 70 0.032074
1 71 0.028652
1 72 0.025289
1 73 0.021984
1 74 0.018733
1 75 0.015531
1 76 0.012371
1 77 0.009246
1 78 0.006149
1 79 0.003070

2 1 0.006130
2 2 0.012279
2 3 0.018465
2 4 0.024706
2 5 0.031019
2 6 0.037418
2 7 0.043915
2 8 0.050521
2 9 0.057244
2 10 0.064088
2 11 0.071054
2 12 0.078141
2 13 0.085342
2 14 0.092649
2 15 0.100050
2 16 0.107528
2 17 0.115063
2 18 0.122634
2 19 0.130215
2 20 0.137776
2 21 0.145289
2 22 0.152718
2 23 0.160029
2 24 0.167187
2 25 0.174153
2 26 0.180889
2 27 0.187358
2 28 0.193522
2 29 0.199345
2 30 0.204791
2 31 0.209827
2 32 0.214421
2 33 0.218545
2 34 0.222173
2 35 0.225282
2 36 0.227853
2 37 0.229870
2 38 0.231319
2 39 0.232192
2 40 0.232484
2 41 0.232192
2 42 0.231319
2 43 0.229870
2 44 0.227853
2 45 0.225282
2 46 0.222173
2 47 0.218545
2 48 0.214421
2 49 0.209827
2 50 0.204791
2 51 0.199345
2 52 0.193522
2 53 0.187358
2 54 0.180889
2 55 0.174153
2 56 0.167187
2 57 0.160029
2 58 0.152718
2 59 0.145289
2 60 0.137776
2 61 0.130215
2 62 0.122634
2 63 0.115063
2 64 0.107528
2 65 0.100050
2 66 0.092649
2 67 0.085342
2 68 0.078141
2 69 0.071054
2 70 0.064088
2 71 0.057244
2 72 0.050521
2 73 0.043915
2 74 0.037418
2 75 0.031019
2 76 0.024706
2 77 0.018465
2 78 0.012279
2 79 0.006130

3 1 0.009171
3 2 0.018371
3 3 0.027629
3 4 0.036970
3 5 0.046421
3 6 0.056003
3 7 0.065737
3 8 0.075637
3 9 0.085716
3 10 0.095980
3 11 0.106432
3 12 0.117068
3 13 0.127882
3 14 0.138858
3 15 0.149979
3 16 0.161219
3 17 0.172551
3 18 0.183939
3 19 0.195346
3 20 0.206727
3 21 0.218037
3 22 0.229224
3 23 0.240237
3 24 0.251019
3 25 0.261516
3 26 0.271668
3 27 0.281418
3 28 0.290710
3 29 0.299488
3 30 0.307699
3 31 0.315292
3 32 0.322219
3 33 0.328437
3 34 0.333908
3 35 0.338596
3 36 0.342472
3 37 0.345513
3 38 0.347698
3 39 0.349015
3 40 0.349454
3 41 0.349015
3 42 0.347698
3 43 0.345513
3 44 0.342472
3 45 0.338596
3 46 0.333908
3 47 0.328437
3 48 0.322219
3 49 0.315292
3 50 0.307699
3 51 0.299488
3 52 0.290710
3 53 0.281418
3 54 0.271668
3 55 0.261516
3 56 0.251019
3 57 0.240237
3 58 0.229224
3 59 0.218037
3 60 0.206727
3 61 0.195346
3 62 0.183939
3 63 0.172551
3 64 0.161219
3 65 0.149979
3 66 0.138858
3 67 0.127882
3 68 0.117068
3 69 0.106432
3 70 0.095980
3 71 0.085716
3 72 0.075637
3 73 0.065737
3 74 0.056003
3 75 0.046421
3 76 0.036970
3 77 0.027629
3 78 0.018371
3 79 0.009171

4 1 0.012183
4 2 0.024407
4 3 0.036708
4 4 0.049125
4 5 0.061691
4 6 0.074438
4 7 0.087392
4 8 0.100574
4 9 0.114002
4 10 0.127684
4 11 0.141624
4 12 0.155819
4 13 0.170258
4 14 0.184922
4 15 0.199787
4 16 0.214820
4 17 0.229982
4 18 0.245227
4 19 0.260502
4 20 0.275750
4 21 0.290907
4 22 0.305905
4 23 0.320674
4 24 0.335139
4 25 0.349223
4 26 0.362848
4 27 0.375937
4 28 0.388412
4 29 0.400199
4 30 0.411225
4 31 0.421422
4 32 0.430725
4 33 0.439077
4 34 0.446425
4 35 0.452721
4 36 0.457928
4 37 0.462011
4 38 0.464946
4 39 0.466714
4 40 0.467305
4 41 0.466714
4 42 0.464946
4 43 0.462011
4 44 0.457928
4 45 0.452721
4 46 0.446425
4 47 0.439077
4 48 0.430725
4 49 0.421422
4 50 0.411225
4 51 0.400199
4 52 0.388412
4 53 0.375937
4 54 0.362848
4 55 0.349223
4 56 0.335139
4 57 0.320674
4 58 0.305905
4 59 0.290907
4 60 0.275750
4 61 0.260502
4 62 0.245227
4 63 0.229982
4 64 0.214820
4 65 0.199787
4 66 0.184922
4 67 0.170258
4 68 0.155819
4 69 0.141624
4 70 0.127684
4 71 0.114002
4 72 0.100574
4 73 0.087392
4 74 0.074438
4 75 0.061691
4 76 0.049125
4 77 0.036708
4 78 0.024407
4 79 0.012183

5 1 0.015156
5 2 0.030364
5 3 0.045672
5 4 0.061130
5 5 0.076781
5 6 0.092665
5 7 0.108818
5 8 0.125266
5 9 0.142033
5 10 0.159130
5 11 0.176562
5 12 0.194326
5 13 0.212408
5 14 0.230786
5 15 0.249428
5 16 0.268293
5 17 0.287331
5 18 0.306484
5 19 0.325686
5 20 0.344863
5 21 0.363935
5 22 0.382816
5 23 0.401416
5 24 0.419639
5 25 0.437388
5 26 0.454564
5 27 0.471068
5 28 0.486802
5 29 0.501670
5 30 0.515580
5 31 0.528445
5 32 0.540184
5 33 0.550722
5 34 0.559992
5 35 0.567937
5 36 0.574506
5 37 0.579658
5 38 0.583360
5 39 0.585591
5 40 0.586336
5 41 0.585591
5 42 0.583360
5 43 0.579658
5 44 0.574506
5 45 0.567937
5 46 0.559992
5 47 0.550722
5 48 0.540184
5 49 0.528445
5 50 0.515580
5 51 0.501670
5 52 0.486802
5 53 0.471068
5 54 0.454564
5 55 0.437388
5 56 0.419639
5 57 0.401416
5 58 0.382816
5 59 0.363935
5 60 0.344863
5 61 0.325686
5 62 0.306484
5 63 0.287331
5 64 0.268293
5 65 0.249428
5 66 0.230786
5 67 0.212408
5 68 0.194326
5 69 0.176562
5 70 0.159130
5 71 0.142033
5 72 0.125266
5 73 0.108818
5 74 0.092665
5 75 0.076781
5 76 0.061130
5 77 0.045672
5 78 0.030364
5 79 0.015156

6 1 0.018078
6 2 0.036220
6 3 0.054488
6 4 0.072942
6 5 0.091637
6 6 0.110625
6 7 0.129948
6 8 0.149641
6 9 0.169733
6 10 0.190240
6 11 0.211169
6 12 0.232515
6 13 0.254263
6 14 0.276386
6 15 0.298845
6 16 0.321592
6 17 0.344564
6 18 0.367692
6 19 0.390894
6 20 0.414081
6 21 0.437154
6 22 0.460009
6 23 0.482534
6 24 0.504613
6 25 0.526127
6 26 0.546953
6 27 0.566971
6 28 0.586059
6 29 0.604100
6 30 0.620981
6 31 0.636595
6 32 0.650843
6 33 0.663634
6 34 0.674886
6 35 0.684529
6 36 0.692501
6 37 0.698753
6 38 0.703247
6 39 0.705954
6 40 0.706858
6 41 0.705954
6 42 0.703247
6 43 0.698753
6 44 0.692501
6 45 0.684529
6 46 0.674886
6 47 0.663634
6 48 0.650843
6 49 0.636595
6 50 0.620981
6 51 0.604100
6 52 0.586059
6 53 0.566971
6 54 0.546953
6 55 0.526127
6 56 0.504613
6 57 0.482534
6 58 0.460009
6 59 0.437154
6 60 0.414081
6 61 0.390894
6 62 0.367692
6 63 0.344564
6 64 0.321592
6 65 0.298845
6 66 0.276386
6 67 0.254263
6 68 0.232515
6 69 0.211169
6 70 0.190240
6 71 0.169733
6 72 0.149641
6 73 0.129948
6 74 0.110625
6 75 0.091637
6 76 0.072942
6 77 0.054488
6 78 0.036220
6 79 0.018078

7 1 0.020936
7 2 0.041949
7 3 0.063117
7 4 0.084512
7 5 0.106202
7 6 0.128249
7 7 0.150706
7 8 0.173618
7 9 0.197018
7 10 0.220928
7 11 0.245358
7 12 0.270302
7 13 0.295743
7 14 0.321649
7 15 0.347976
7 16 0.374665
7 17 0.401642
7 18 0.428825
7 19 0.456118
7 20 0.483412
7 21 0.510592
7 22 0.537532
7 23 0.564098
7 24 0.590153
7 25 0.615552
7 26 0.640151
7 27 0.663802
7 28 0.686362
7 29 0.707689
7 30 0.727648
7 31 0.746111
7 32 0.762959
7 33 0.778084
7 34 0.791390
7 35 0.802791
7 36 0.812216
7 37 0.819608
7 38 0.824919
7 39 0.828119
7 40 0.829188
7 41 0.828119
7 42 0.824919
7 43 0.819608
7 44 0.812216
7 45 0.802791
7 46 0.791390
7 47 0.778084
7 48 0.762959
7 49 0.746111
7 50 0.727648
7 51 0.707689
7 52 0.686362
7 53 0.663802
7 54 0.640151
7 55 0.615552
7 56 0.590153
7 57 0.564098
7 58 0.537532
7 59 0.510592
7 60 0.483412
7 61 0.456118
7 62 0.428825
7 63 0.401642
7 64 0.374665
7 65 0.347976
7 66 0.321649
7 67 0.295743
7 68 0.270302
7 69 0.245358
7 70 0.220928
7 71 0.197018
7 72 0.173618
7 73 0.150706
7 74 0.128249
7 75 0.106202
7 76 0.084512
7 77 0.063117
7 78 0.041949
7 79 0.020936

8 1 0.023715
8 2 0.047524
8 3 0.071519
8 4 0.095786
8 5 0.120410
8 6 0.145463
8 7 0.171010
8 8 0.197107
8 9 0.223794
8 10 0.251098
8 11 0.279032
8 12 0.307591
8 13 0.336757
8 14 0.366493
8 15 0.396746
8 16 0.427448
8 17 0.458515
8 18 0.489850
8 19 0.521339
8 20 0.552858
8 21 0.584270
8 22 0.615427
8 23 0.646174
8 24 0.676348
8 25 0.705779
8 26 0.734295
8 27 0.761725
8 28 0.787898
8 29 0.812646
8 30 0.835811
8 31 0.857242
8 32 0.876799
8 33 0.894355
8 34 0.909797
8 35 0.923029
8 36 0.933966
8 37 0.942542
8 38 0.948704
8 39 0.952416
8 40 0.953656
8 41 0.952416
8 42 0.948704
8 43 0.942542
8 44 0.933966
8 45 0.923029
8 46 0.909797
8 47 0.894355
8 48 0.876799
8 49 0.857242
8 50 0.835811
8 51 0.812646
8 52 0.787898
8 53 0.761725
8 54 0.734295
8 55 0.705779
8 56 0.676348
8 57 0.646174
8 58 0.615427
8 59 0.584270
8 60 0.552858
8 61 0.521339
8 62 0.489850
8 63 0.458515
8 64 0.427448
8 65 0.396746
8 66 0.366493
8 67 0.336757
8 68 0.307591
8 69 0.279032
8 70 0.251098
8 71 0.223794
8 72 0.197107
8 73 0.171010
8 74 0.145463
8 75 0.120410
8 76 0.095786
8 77 0.071519
8 78 0.047524
8 79 0.023715

9 1 0.026402
9 2 0.052914
9 3 0.079648
9 4 0.106706
9 5 0.134187
9 6 0.162181
9 7 0.190766
9 8 0.220006
9 9 0.249952
9 10 0.280638
9 11 0.312080
9 12 0.344275
9 13 0.377201
9 14 0.410818
9 15 0.445066
9 16 0.479866
9 17 0.515122
9 18 0.550720
9 19 0.586531
9 20 0.622411
9 21 0.658202
9 22 0.693733
9 23 0.728824
9 24 0.763285
9 25 0.796919
9 26 0.829527
9 27 0.860906
9 28 0.890858
9 29 0.919188
9 30 0.945709
9 31 0.970247
9 32 0.992638
9 33 1.012738
9 34 1.030416
9 35 1.045560
9 36 1.058077
9 37 1.067889
9 38 1.074939
9 39 1.079185
9 40 1.080603
9 41 1.079185
9 42 1.074939
9 43 1.067889
9 44 1.058077
9 45 1.045560
9 46 1.030416
9 47 1.012738
9 48 0.992638
9 49 0.970247
9 50 0.945709
9 51 0.919188
9 52 0.890858
9 53 0.860906
9 54 0.829527
9 55 0.796919
9 56 0.763285
9 57 0.728824
9 58 0.693733
9 59 0.658202
9 60 0.622411
9 61 0.586531
9 62 0.550720
9 63 0.515122
9 64 0.479866
9 65 0.445066
9 66 0.410818
9 67 0.377201
9 68 0.344275
9 69 0.312080
9 70 0.280638
9 71 0.249952
9 72 0.220006
9 73 0.190766
9 74 0.162181
9 75 0.134187
9 76 0.106706
9 77 0.079648
9 78 0.052914
9 79 0.026402

10 1 0.028976
10 2 0.058084
10 3 0.087451
10 4 0.117202
10 5 0.147453
10 6 0.178310
10 7 0.209865
10 8 0.242199
10 9 0.275370
10 10 0.309422
10 11 0.344374
10 12 0.380227
10 13 0.416955
10 14 0.454513
10 15 0.492834
10 16 0.531828
10 17 0.571385
10 18 0.611376
10 19 0.651654
10 20 0.692053
10 21 0.732393
10 22 0.772480
10 23 0.812104
10 24 0.851049
10 25 0.889087
10 26 0.925986
10 27 0.961515
10 28 0.995440
10 29 1.027537
10 30 1.057590
10 31 1.085397
10 32 1.110771
10 33 1.133544
10 34 1.153569
10 35 1.170720
10 36 1.184891
10 37 1.195999
10 38 1.203977
10 39 1.208782
10 40 1.210387
10 41 1.208782
10 42 1.203977
10 43 1.195999
10 44 1.184891
10 45 1.170720
10 46 1.153569
10 47 1.133544
10 48 1.110771
10 49 1.085397
10 50 1.057590
10 51 1.027537
10 52 0.995440
10 53 0.961515
10 54 0.925986
10 55 0.889087
10 56 0.851049
10 57 0.812104
10 58 0.772480
10 59 0.732393
10 60 0.692053
10 61 0.651654
10 62 0.611376
10 63 0.571385
10 64 0.531828
10 65 0.492834
10 66 0.454513
10 67 0.416955
10 68 0.380227
10 69 0.344374
10 70 0.309422
10 71 0.275370
10 72 0.242199
10 73 0.209865
10 74 0.178310
10 75 0.147453
10 76 0.117202
10 77 0.087451
10 78 0.058084
10 79 0.028976

11 1 0.031420
11 2 0.062993
11 3 0.094871
11 4 0.127199
11 5 0.160113
11 6 0.193739
11 7 0.228187
11 8 0.263553
11 9 0.299909
11 10 0.337305
11 11 0.375770
11 12 0.415302
11 13 0.455878
11 14 0.497446
11 15 0.539929
11 16 0.583227
11 17 0.627215
11 18 0.671746
11 19 0.716655
11 20 0.761754
11 21 0.806839
11 22 0.851688
11 23 0.896065
11 24 0.939719
11 25 0.982392
11 26 1.023817
11 27 1.063726
11 28 1.101850
11 29 1.137931
11 30 1.171718
11 31 1.202980
11 32 1.231503
11 33 1.257097
11 34 1.279596
11 35 1.298859
11 36 1.314770
11 37 1.327237
11 38 1.336189
11 39 1.341580
11 40 1.343380
11 41 1.341580
11 42 1.336189
11 43 1.327237
11 44 1.314770
11 45 1.298859
11 46 1.279596
11 47 1.257097
11 48 1.231503
11 49 1.202980
11 50 1.171718
11 51 1.137931
11 52 1.101850
11 53 1.063726
11 54 1.023817
11 55 0.982392
11 56 0.939719
11 57 0.896065
11 58 0.851688
11 59 0.806839
11 60 0.761754
11 61 0.716655
11 62 0.671746
11 63 0.627215
11 64 0.583227
11 65 0.539929
11 66 0.497446
11 67 0.455878
11 68 0.415302
11 69 0.375770
11 70 0.337305
11 71 0.299909
11 72 0.263553
11 73 0.228187
11 74 0.193739
11 75 0.160113
11 76 0.127199
11 77 0.094871
11 78 0.062993
11 79 0.031420

12 1 0.033710
12 2 0.067599
12 3 0.101842
12 4 0.136609
12 5 0.172060
12 6 0.208345
12 7 0.245593
12 8 0.283917
12 9 0.323406
12 10 0.364121
12 11 0.406096
12 12 0.449335
12 13 0.493810
12 14 0.539463
12 15 0.586210
12 16 0.633936
12 17 0.682500
12 18 0.731740
12 19 0.781466
12 20 0.831470
12 21 0.881521
12 22 0.931369
12 23 0.980747
12 24 1.029371
12 25 1.076946
12 26 1.123165
12 27 1.167721
12 28 1.210305
12 29 1.250617
12 30 1.288372
12 31 1.323302
12 32 1.355165
12 33 1.383746
12 34 1.408860
12 35 1.430351
12 36 1.448093
12 37 1.461989
12 38 1.471964
12 39 1.477968
12 40 1.479973
12 41 1.477968
12 42 1.471964
12 43 1.461989
12 44 1.448093
12 45 1.430351
12 46 1.408860
12 47 1.383746
12 48 1.355165
12 49 1.323302
12 50 1.288372
12 51 1.250617
12 52 1.210305
12 53 1.167721
12 54 1.123165
12 55 1.076946
12 56 1.029371
12 57 0.980747
12 58 0.931369
12 59 0.881521
12 60 0.831470
12 61 0.781466
12 62 0.731740
12 63 0.682500
12 64 0.633936
12 65 0.586210
12 66 0.539463
12 67 0.493810
12 68 0.449335
12 69 0.406096
12 70 0.364121
12 71 0.323406
12 72 0.283917
12 73 0.245593
12 74 0.208345
12 75 0.172060
12 76 0.136609
12 77 0.101842
12 78 0.067599
12 79 0.033710

13 1 0.035822
13 2 0.071850
13 3 0.108288
13 4 0.145334
13 5 0.183176
13 6 0.221986
13 7 0.261922
13 8 0.303117
13 9 0.345677
13 10 0.389677
13 11 0.435160
13 12 0.482131
13 13 0.530562
13 14 0.580388
13 15 0.631512
13 16 0.683806
13 17 0.737112
13 18 0.791246
13 19 0.845999
13 20 0.901138
13 21 0.956405
13 22 1.011520
13 23 1.066183
13 24 1.120073
13 25 1.172854
13 26 1.224177
13 27 1.273687
13 28 1.321030
13 29 1.365861
13 30 1.407850
13 31 1.446691
13 32 1.482108
13 33 1.513862
13 34 1.541745
13 35 1.565591
13 36 1.585263
13 37 1.600661
13 38 1.611709
13 39 1.618357
13 40 1.620576
13 41 1.618357
13 42 1.611709
13 43 1.600661
13 44 1.585263
13 45 1.565591
13 46 1.541745
13 47 1.513862
13 48 1.482108
13 49 1.446691
13 50 1.407850
13 51 1.365861
13 52 1.321030
13 53 1.273687
13 54 1.224177
13 55 1.172854
13 56 1.120073
13 57 1.066183
13 58 1.011520
13 59 0.956405
13 60 0.901138
13 61 0.845999
13 62 0.791246
13 63 0.737112
13 64 0.683806
13 65 0.631512
13 66 0.580388
13 67 0.530562
13 68 0.482131
13 69 0.435160
13 70 0.389677
13 71 0.345677
13 72 0.303117
13 73 0.261922
13 74 0.221986
13 75 0.183176
13 76 0.145334
13 77 0.108288
13 78 0.071850
13 79 0.035822

14 1 0.037727
14 2 0.075691
14 3 0.114127
14 4 0.153264
14 5 0.193321
14 6 0.234503
14 7 0.276993
14 8 0.320952
14 9 0.366507
14 10 0.413751
14 11 0.462734
14 12 0.513468
14 13 0.565919
14 14 0.620015
14 15 0.675644
14 16 0.732663
14 17 0.790894
14 18 0.850133
14 19 0.910147
14 20 0.970678
14 21 1.031440
14 22 1.092123
14 23 1.152392
14 24 1.211884
14 25 1.270220
14 26 1.327002
14 27 1.381821
14 28 1.434269
14 29 1.483947
14 30 1.530475
14 31 1.573503
14 32 1.612717
14 33 1.647847
14 34 1.678670
14 35 1.705003
14 36 1.726708
14 37 1.743683
14 38 1.755854
14 39 1.763173
14 40 1.765616
14 41 1.763173
14 42 1.755854
14 43 1.743683
14 44 1.726708
14 45 1.705003
14 46 1.678670
14 47 1.647847
14 48 1.612717
14 49 1.573503
14 50 1.530475
14 51 1.483947
14 52 1.434269
14 53 1.381821
14 54 1.327002
14 55 1.270220
14 56 1.211884
14 57 1.152392
14 58 1.092123
14 59 1.031440
14 60 0.970678
14 61 0.910147
14 62 0.850133
14 63 0.790894
14 64 0.732663
14 65 0.675644
14 66 0.620015
14 67 0.565919
14 68 0.513468
14 69 0.462734
14 70 0.413751
14 71 0.366507
14 72 0.320952
14 73 0.276993
14 74 0.234503
14 75 0.193321
14 76 0.153264
14 77 0.114127
14 78 0.075691
14 79 0.037727

15 1 0.039394
15 2 0.079059
15 3 0.119265
15 4 0.160275
15 5 0.202343
15 6 0.245710
15 7 0.290596
15 8 0.337190
15 9 0.385649
15 10 0.436084
15 11 0.488559
15 12 0.543087
15 13 0.599631
15 14 0.658107
15 15 0.718388
15 16 0.780308
15 17 0.843670
15 18 0.908245
15 19 0.973779
15 20 1.039986
15 21 1.106554
15 22 1.173142
15 23 1.239376
15 24 1.304853
15 25 1.369142
15 26 1.431789
15 27 1.492325
15 28 1.550278
15 29 1.605183
15 30 1.656601
15 31 1.704128
15 32 1.747408
15 33 1.786141
15 34 1.820083
15 35 1.849044
15 36 1.872885
15 37 1.891508
15 38 1.904849
15 39 1.912868
15 40 1.915543
15 41 1.912868
15 42 1.904849
15 43 1.891508
15 44 1.872885
15 45 1.849044
15 46 1.820083
15 47 1.786141
15 48 1.747408
15 49 1.704128
15 50 1.656601
15 51 1.605183
15 52 1.550278
15 53 1.492325
15 54 1.431789
15 55 1.369142
15 56 1.304853
15 57 1.239376
15 58 1.173142
15 59 1.106554
15 60 1.039986
15 61 0.973779
15 62 0.908245
15 63 0.843670
15 64 0.780308
15 65 0.718388
15 66 0.658107
15 67 0.599631
15 68 0.543087
15 69 0.488559
15 70 0.436084
15 71 0.385649
15 72 0.337190
15 73 0.290596
15 74 0.245710
15 75 0.202343
15 76 0.160275
15 77 0.119265
15 78 0.079059
15 79 0.039394

16 1 0.040790
16 2 0.081888
16 3 0.123599
16 4 0.166226
16 5 0.210066
16 6 0.255400
16 7 0.302489
16 8 0.351564
16 9 0.402815
16 10 0.456377
16 11 0.512330
16 12 0.570690
16 13 0.631412
16 14 0.694396
16 15 0.759492
16 16 0.826511
16 17 0.895231
16 18 0.965400
16 19 1.036736
16 20 1.108932
16 21 1.181649
16 22 1.254514
16 23 1.327117
16 24 1.399009
16 25 1.469705
16 26 1.538686
16 27 1.605413
16 28 1.669334
16 29 1.729907
16 30 1.786618
16 31 1.839000
16 32 1.886648
16 33 1.929227
16 34 1.966476
16 35 1.998204
16 36 2.024279
16 37 2.044616
16 38 2.059167
16 39 2.067905
16 40 2.070819
16 41 2.067905
16 42 2.059167
16 43 2.044616
16 44 2.024279
16 45 1.998204
16 46 1.966476
16 47 1.929227
16 48 1.886648
16 49 1.839000
16 50 1.786618
16 51 1.729907
16 52 1.669334
16 53 1.605413
16 54 1.538686
16 55 1.469705
16 56 1.399009
16 57 1.327117
16 58 1.254514
16 59 1.181649
16 60 1.108932
16 61 1.036736
16 62 0.965400
16 63 0.895231
16 64 0.826511
16 65 0.759492
16 66 0.694396
16 67 0.631412
16 68 0.570690
16 69 0.512330
16 70 0.456377
16 71 0.402815
16 72 0.351564
16 73 0.302489
16 74 0.255400
16 75 0.210066
16 76 0.166226
16 77 0.123599
16 78 0.081888
16 79 0.040790

17 1 0.041879
17 2 0.084102
17 3 0.127016
17 4 0.170966
17 5 0.216294
17 6 0.263333
17 7 0.312396
17 8 0.363763
17 9 0.417668
17 10 0.474280
17 11 0.533695
17 12 0.595932
17 13 0.660931
17 14 0.728571
17 15 0.798672
17 16 0.871014
17 17 0.945345
17 18 1.021386
17 19 1.098834
17 20 1.177359
17 21 1.256597
17 22 1.336149
17 23 1.415568
17 24 1.494361
17 25 1.571982
17 26 1.647839
17 27 1.721307
17 28 1.791738
17 29 1.858493
17 30 1.920964
17 31 1.978607
17 32 2.030956
17 33 2.077641
17 34 2.118390
17 35 2.153017
17 36 2.181410
17 37 2.203511
17 38 2.219298
17 39 2.228767
17 40 2.231923
17 41 2.228767
17 42 2.219298
17 43 2.203511
17 44 2.181410
17 45 2.153017
17 46 2.118390
17 47 2.077641
17 48 2.030956
17 49 1.978607
17 50 1.920964
17 51 1.858493
17 52 1.791738
17 53 1.721307
17 54 1.647839
17 55 1.571982
17 56 1.494361
17 57 1.415568
17 58 1.336149
17 59 1.256597
17 60 1.177359
17 61 1.098834
17 62 1.021386
17 63 0.945345
17 64 0.871014
17 65 0.798672
17 66 0.728571
17 67 0.660931
17 68 0.595932
17 69 0.533695
17 70 0.474280
17 71 0.417668
17 72 0.363763
17 73 0.312396
17 74 0.263333
17 75 0.216294
17 76 0.170966
17 77 0.127016
17 78 0.084102
17 79 0.041879

18 1 0.042622
18 2 0.085626
18 3 0.129398
18 4 0.174328
18 5 0.220812
18 6 0.269243
18 7 0.319998
18 8 0.373425
18 9 0.429814
18 10 0.489379
18 11 0.552239
18 12 0.618409
18 13 0.687811
18 14 0.760285
18 15 0.835611
18 16 0.913527
18 17 0.993748
18 18 1.075965
18 19 1.159856
18 20 1.245071
18 21 1.331231
18 22 1.417915
18 23 1.504646
18 24 1.590884
18 25 1.676022
18 26 1.759383
18 27 1.840237
18 28 1.917818
18 29 1.991361
18 30 2.060140
18 31 2.123507
18 32 2.180927
18 33 2.231993
18 34 2.276427
18 35 2.314065
18 36 2.344834
18 37 2.368720
18 38 2.385745
18 39 2.395943
18 40 2.399339
18 41 2.395943
18 42 2.385745
18 43 2.368720
18 44 2.344834
18 45 2.314065
18 46 2.276427
18 47 2.231993
18 48 2.180927
18 49 2.123507
18 50 2.060140
18 51 1.991361
18 52 1.917818
18 53 1.840237
18 54 1.759383
18 55 1.676022
18 56 1.590884
18 57 1.504646
18 58 1.417915
18 59 1.331231
18 60 1.245071
18 61 1.159856
18 62 1.075965
18 63 0.993748
18 64 0.913527
18 65 0.835611
18 66 0.760285
18 67 0.687811
18 68 0.618409
18 69 0.552239
18 70 0.489379
18 71 0.429814
18 72 0.373425
18 73 0.319998
18 74 0.269243
18 75 0.220812
18 76 0.174328
18 77 0.129398
18 78 0.085626
18 79 0.042622

19 1 0.042984
19 2 0.086383
19 3 0.130621
19 4 0.176136
19 5 0.223383
19 6 0.272827
19 7 0.324930
19 8 0.380125
19 9 0.438785
19 10 0.501184
19 11 0.567471
19 12 0.637655
19 13 0.711619
19 14 0.789148
19 15 0.869959
19 16 0.953737
19 17 1.040153
19 18 1.128872
19 19 1.219552
19 20 1.311837
19 21 1.405342
19 22 1.499635
19 23 1.594217
19 24 1.688509
19 25 1.781838
19 26 1.873434
19 27 1.962439
19 28 2.047936
19 29 2.128994
19 30 2.204727
19 31 2.274355
19 32 2.337252
19 33 2.392976
19 34 2.441259
19 35 2.481983
19 36 2.515140
19 37 2.540790
19 38 2.559021
19 39 2.569920
19 40 2.573546
19 41 2.569920
19 42 2.559021
19 43 2.540790
19 44 2.515140
19 45 2.481983
19 46 2.441259
19 47 2.392976
19 48 2.337252
19 49 2.274355
19 50 2.204727
19 51 2.128994
19 52 2.047936
19 53 1.962439
19 54 1.873434
19 55 1.781838
19 56 1.688509
19 57 1.594217
19 58 1.499635
19 59 1.405342
19 60 1.311837
19 61 1.219552
19 62 1.128872
19 63 1.040153
19 64 0.953737
19 65 0.869959
19 66 0.789148
19 67 0.711619
19 68 0.637655
19 69 0.567471
19 70 0.501184
19 71 0.438785
19 72 0.380125
19 73 0.324930
19 74 0.272827
19 75 0.223383
19 76 0.176136
19 77 0.130621
19 78 0.086383
19 79 0.042984

20 1 0.042930
20 2 0.086300
20 3 0.130567
20 4 0.176213
20 5 0.223758
20 6 0.273753
20 7 0.326769
20 8 0.383360
20 9 0.444016
20 10 0.509102
20 11 0.578806
20 12 0.653121
20 13 0.731863
20 14 0.814727
20 15 0.901339
20 16 0.991310
20 17 1.084257
20 18 1.179817
20 19 1.277643
20 20 1.377384
20 21 1.478666
20 22 1.581065
20 23 1.684077
20 24 1.787097
20 25 1.889388
20 26 1.990075
20 27 2.088149
20 28 2.182493
20 29 2.271953
20 30 2.355420
20 31 2.431932
20 32 2.500751
20 33 2.561401
20 34 2.613650
20 35 2.657467
20 36 2.692952
20 37 2.720278
20 38 2.739630
20 39 2.751170
20 40 2.755004
20 41 2.751170
20 42 2.739630
20 43 2.720278
20 44 2.692952
20 45 2.657467
20 46 2.613650
20 47 2.561401
20 48 2.500751
20 49 2.431932
20 50 2.355420
20 51 2.271953
20 52 2.182493
20 53 2.088149
20 54 1.990075
20 55 1.889388
20 56 1.787097
20 57 1.684077
20 58 1.581065
20 59 1.478666
20 60 1.377384
20 61 1.277643
20 62 1.179817
20 63 1.084257
20 64 0.991310
20 65 0.901339
20 66 0.814727
20 67 0.731863
20 68 0.653121
20 69 0.578806
20 70 0.509102
20 71 0.444016
20 72 0.383360
20 73 0.326769
20 74 0.273753
20 75 0.223758
20 76 0.176213
20 77 0.130567
20 78 0.086300
20 79 0.042930

21 1 0.042435
21 2 0.085321
21 3 0.129133
21 4 0.174392
21 5 0.221682
21 6 0.271658
21 7 0.325032
21 8 0.382529
21 9 0.444817
21 10 0.512402
21 11 0.585531
21 12 0.664159
21 13 0.747986
21 14 0.836557
21 15 0.929362
21 16 1.025906
21 17 1.125746
21 18 1.228497
21 19 1.333820
21 20 1.441391
21 21 1.550874
21 22 1.661880
21 23 1.773931
21 24 1.886413
21 25 1.998542
21 26 2.109331
21 27 2.217587
21 28 2.321934
21 29 2.420904
21 30 2.513068
21 31 2.597202
21 32 2.672420
21 33 2.738226
21 34 2.794474
21 35 2.841282
21 36 2.878925
21 37 2.907740
21 38 2.928052
21 39 2.940126
21 40 2.944131
21 41 2.940126
21 42 2.928052
21 43 2.907740
21 44 2.878925
21 45 2.841282
21 46 2.794474
21 47 2.738226
21 48 2.672420
21 49 2.597202
21 50 2.513068
21 51 2.420904
21 52 2.321934
21 53 2.217587
21 54 2.109331
21 55 1.998542
21 56 1.886413
21 57 1.773931
21 58 1.661880
21 59 1.550874
21 60 1.441391
21 61 1.333820
21 62 1.228497
21 63 1.125746
21 64 1.025906
21 65 0.929362
21 66 0.836557
21 67 0.747986
21 68 0.664159
21 69 0.585531
21 70 0.512402
21 71 0.444817
21 72 0.382529
21 73 0.325032
21 74 0.271658
21 75 0.221682
21 76 0.174392
21 77 0.129133
21 78 0.085321
21 79 0.042435

22 1 0.041489
22 2 0.083416
22 3 0.126252
22 4 0.170539
22 5 0.216921
22 6 0.266167
22 7 0.319171
22 8 0.376908
22 9 0.440322
22 10 0.510156
22 11 0.586758
22 12 0.669998
22 13 0.759365
22 14 0.854154
22 15 0.953646
22 16 1.057206
22 17 1.164323
22 18 1.274606
22 19 1.387747
22 20 1.503485
22 21 1.621557
22 22 1.741652
22 23 1.863353
22 24 1.986082
22 25 2.109034
22 26 2.231122
22 27 2.350934
22 28 2.466754
22 29 2.576662
22 30 2.678746
22 31 2.771388
22 32 2.853502
22 33 2.924608
22 34 2.984738
22 35 3.034263
22 36 3.073726
22 37 3.103704
22 38 3.124712
22 39 3.137150
22 40 3.141268
22 41 3.137150
22 42 3.124712
22 43 3.103704
22 44 3.073726
22 45 3.034263
22 46 2.984738
22 47 2.924608
22 48 2.853502
22 49 2.771388
22 50 2.678746
22 51 2.576662
22 52 2.466754
22 53 2.350934
22 54 2.231122
22 55 2.109034
22 56 1.986082
22 57 1.863353
22 58 1.741652
22 59 1.621557
22 60 1.503485
22 61 1.387747
22 62 1.274606
22 63 1.164323
22 64 1.057206
22 65 0.953646
22 66 0.854154
22 67 0.759365
22 68 0.669998
22 69 0.586758
22 70 0.510156
22 71 0.440322
22 72 0.376908
22 73 0.319171
22 74 0.266167
22 75 0.216921
22 76 0.170539
22 77 0.126252
22 78 0.083416
22 79 0.041489

23 1 0.040106
23 2 0.080601
23 3 0.121919
23 4 0.164590
23 5 0.209295
23 6 0.256917
23 7 0.308577
23 8 0.365608
23 9 0.429409
23 10 0.501142
23 11 0.581346
23 12 0.669710
23 13 0.765320
23 14 0.867049
23 15 0.973862
23 16 1.084948
23 17 1.199736
23 18 1.317857
23 19 1.439078
23 20 1.563245
23 21 1.690219
23 22 1.819817
23 23 1.951747
23 24 2.085527
23 25 2.220392
23 26 2.355188
23 27 2.488272
23 28 2.617484
23 29 2.740243
23 30 2.853867
23 31 2.956101
23 32 3.045591
23 33 3.121967
23 34 3.185606
23 35 3.237305
23 36 3.278013
23 37 3.308637
23 38 3.329942
23 39 3.342495
23 40 3.346640
23 41 3.342495
23 42 3.329942
23 43 3.308637
23 44 3.278013
23 45 3.237305
23 46 3.185606
23 47 3.121967
23 48 3.045591
23 49 2.956101
23 50 2.853867
23 51 2.740243
23 52 2.617484
23 53 2.488272
23 54 2.355188
23 55 2.220392
23 56 2.085527
23 57 1.951747
23 58 1.819817
23 59 1.690219
23 60 1.563245
23 61 1.439078
23 62 1.317857
23 63 1.199736
23 64 1.084948
23 65 0.973862
23 66 0.867049
23 67 0.765320
23 68 0.669710
23 69 0.581346
23 70 0.501142
23 71 0.429409
23 72 0.365608
23 73 0.308577
23 74 0.256917
23 75 0.209295
23 76 0.164590
23 77 0.121919
23 78 0.080601
23 79 0.040106

24 1 0.038335
24 2 0.076964
24 3 0.116234
24 4 0.156609
24 5 0.198752
24 6 0.243628
24 7 0.292613
24 8 0.347540
24 9 0.410562
24 10 0.483658
24 11 0.567772
24 12 0.662178
24 13 0.765156
24 14 0.874860
24 15 0.989806
24 16 1.108987
24 17 1.231816
24 18 1.358006
24 19 1.487463
24 20 1.620199
24 21 1.756257
24 22 1.895651
24 23 2.038291
24 24 2.183887
24 25 2.331820
24 26 2.480964
24 27 2.629483
24 28 2.774669
24 29 2.912958
24 30 3.040379
24 31 3.153557
24 32 3.250794
24 33 3.332064
24 34 3.398413
24 35 3.451340
24 36 3.492383
24 37 3.522889
24 38 3.543924
24 39 3.556247
24 40 3.560304
24 41 3.556247
24 42 3.543924
24 43 3.522889
24 44 3.492383
24 45 3.451340
24 46 3.398413
24 47 3.332064
24 48 3.250794
24 49 3.153557
24 50 3.040379
24 51 2.912958
24 52 2.774669
24 53 2.629483
24 54 2.480964
24 55 2.331820
24 56 2.183887
24 57 2.038291
24 58 1.895651
24 59 1.756257
24 60 1.620199
24 61 1.487463
24 62 1.358006
24 63 1.231816
24 64 1.108987
24 65 0.989806
24 66 0.874860
24 67 0.765156
24 68 0.662178
24 69 0.567772
24 70 0.483658
24 71 0.410562
24 72 0.347540
24 73 0.292613
24 74 0.243628
24 75 0.198752
24 76 0.156609
24 77 0.116234
24 78 0.076964
24 79 0.038335

25 1 0.036270
25 2 0.072686
25 3 0.109444
25 4 0.146860
25 5 0.185475
25 6 0.226230
25 7 0.270707
25 8 0.321377
25 9 0.381642
25 10 0.455157
25 11 0.543906
25 12 0.646074
25 13 0.758265
25 14 0.877430
25 15 1.001514
25 16 1.129379
25 17 1.260535
25 18 1.394888
25 19 1.532571
25 20 1.673830
25 21 1.818958
25 22 1.968238
25 23 2.121878
25 24 2.279912
25 25 2.442038
25 26 2.607364
25 27 2.774028
25 28 2.938751
25 29 3.096540
25 30 3.241135
25 31 3.366954
25 32 3.471963
25 33 3.557082
25 34 3.624641
25 35 3.677260
25 36 3.717289
25 37 3.746611
25 38 3.766620
25 39 3.778263
25 40 3.782084
25 41 3.778263
25 42 3.766620
25 43 3.746611
25 44 3.717289
25 45 3.677260
25 46 3.624641
25 47 3.557082
25 48 3.471963
25 49 3.366954
25 50 3.241135
25 51 3.096540
25 52 2.938751
25 53 2.774028
25 54 2.607364
25 55 2.442038
25 56 2.279912
25 57 2.121878
25 58 1.968238
25 59 1.818958
25 60 1.673830
25 61 1.532571
25 62 1.394888
25 63 1.260535
25 64 1.129379
25 65 1.001514
25 66 0.877430
25 67 0.758265
25 68 0.646074
25 69 0.543906
25 70 0.455157
25 71 0.381642
25 72 0.321377
25 73 0.270707
25 74 0.226230
25 75 0.185475
25 76 0.146860
25 77 0.109444
25 78 0.072686
25 79 0.036270

26 1 0.034058
26 2 0.068065
26 3 0.101997
26 4 0.135912
26 5 0.170058
26 6 0.205111
26 7 0.242607
26 8 0.285618
26 9 0.339473
26 10 0.411420
26 11 0.506622
26 12 0.619947
26 13 0.744399
26 14 0.875082
26 15 1.009441
26 16 1.146480
26 17 1.286056
26 18 1.428441
26 19 1.574102
26 20 1.723591
26 21 1.877507
26 22 2.036466
26 23 2.201072
26 24 2.371843
26 25 2.549056
26 26 2.732426
26 27 2.920515
26 28 3.109766
26 29 3.293315
26 30 3.460668
26 31 3.601162
26 32 3.713023
26 33 3.799658
26 34 3.865809
26 35 3.915771
26 36 3.952904
26 37 3.979646
26 38 3.997682
26 39 4.008100
26 40 4.011508
26 41 4.008100
26 42 3.997682
26 43 3.979646
26 44 3.952904
26 45 3.915771
26 46 3.865809
26 47 3.799658
26 48 3.713023
26 49 3.601162
26 50 3.460668
26 51 3.293315
26 52 3.109766
26 53 2.920515
26 54 2.732426
26 55 2.549056
26 56 2.371843
26 57 2.201072
26 58 2.036466
26 59 1.877507
26 60 1.723591
26 61 1.574102
26 62 1.428441
26 63 1.286056
26 64 1.146480
26 65 1.009441
26 66 0.875082
26 67 0.744399
26 68 0.619947
26 69 0.506622
26 70 0.411420
26 71 0.339473
26 72 0.285618
26 73 0.242607
26 74 0.205111
26 75 0.170058
26 76 0.135912
26 77 0.101997
26 78 0.068065
26 79 0.034058

27 1 0.031897
27 2 0.063518
27 3 0.094568
27 4 0.124731
27 5 0.153733
27 6 0.181551
27 7 0.208992
27 8 0.239014
27 9 0.279213
27 10 0.344426
27 11 0.451216
27 12 0.582694
27 13 0.724302
27 14 0.869057
27 15 1.014687
27 16 1.161045
27 17 1.308768
27 18 1.458720
27 19 1.611804
27 20 1.768926
27 21 1.931012
27 22 2.099046
27 23 2.274100
27 24 2.457333
27 25 2.649916
27 26 2.852768
27 27 3.065840
27 28 3.286484
27 29 3.506285
27 30 3.707060
27 31 3.864003
27 32 3.979310
27 33 4.062720
27 34 4.123164
27 35 4.167112
27 36 4.198908
27 37 4.221386
27 38 4.236362
27 39 4.244948
27 40 4.247746
27 41 4.244948
27 42 4.236362
27 43 4.221386
27 44 4.198908
27 45 4.167112
27 46 4.123164
27 47 4.062720
27 48 3.979310
27 49 3.864003
27 50 3.707060
27 51 3.506285
27 52 3.286484
27 53 3.065840
27 54 2.852768
27 55 2.649916
27 56 2.457333
27 57 2.274100
27 58 2.099046
27 59 1.931012
27 60 1.768926
27 61 1.611804
27 62 1.458720
27 63 1.308768
27 64 1.161045
27 65 1.014687
27 66 0.869057
27 67 0.724302
27 68 0.582694
27 69 0.451216
27 70 0.344426
27 71 0.279213
27 72 0.239014
27 73 0.208992
27 74 0.181551
27 75 0.153733
27 76 0.124731
27 77 0.094568
27 78 0.063518
27 79 0.031897

28 1 0.030012
28 2 0.059543
28 3 0.088026
28 4 0.114713
28 5 0.138592
28 6 0.158367
28 7 0.172795
28 8 0.182235
28 9 0.193938
28 10 0.235857
28 11 0.371121
28 12 0.535310
28 13 0.701058
28 14 0.862157
28 15 1.019206
28 16 1.174245
28 17 1.329250
28 18 1.485866
28 19 1.645469
28 20 1.809297
28 21 1.978569
28 22 2.154608
28 23 2.338949
28 24 2.533471
28 25 2.740509
28 26 2.962890
28 27 3.203594
28 28 3.464046
28 29 3.738280
28 30 3.997284
28 31 4.168480
28 32 4.277493
28 33 4.348748
28 34 4.397016
28 35 4.430605
28 36 4.454230
28 37 4.470630
28 38 4.481432
28 39 4.487583
28 40 4.489581
28 41 4.487583
28 42 4.481432
28 43 4.470630
28 44 4.454230
28 45 4.430605
28 46 4.397016
28 47 4.348748
28 48 4.277493
28 49 4.168480
28 50 3.997284
28 51 3.738280
28 52 3.464046
28 53 3.203594
28 54 2.962890
28 55 2.740509
28 56 2.533471
28 57 2.338949
28 58 2.154608
28 59 1.978569
28 60 1.809297
28 61 1.645469
28 62 1.485866
28 63 1.329250
28 64 1.174245
28 65 1.019206
28 66 0.862157
28 67 0.701058
28 68 0.535310
28 69 0.371121
28 70 0.235857
28 71 0.193938
28 72 0.182235
28 73 0.172795
28 74 0.158367
28 75 0.138592
28 76 0.114713
28 77 0.088026
28 78 0.059543
28 79 0.030012

29 1 0.028607
29 2 0.056616
29 3 0.083279
29 4 0.107504
29 5 0.127554
29 6 0.140531
29 7 0.141585
29 8 0.123192
29 9 0.078448
29 10 0.033943
29 11 0.262101
29 12 0.486366
29 13 0.682463
29 14 0.859308
29 15 1.025734
29 16 1.187478
29 17 1.348121
29 18 1.510024
29 19 1.674910
29 20 1.844223
29 21 2.019361
29 22 2.201866
29 23 2.393619
29 24 2.597095
29 25 2.815757
29 26 3.054690
29 27 3.321599
29 28 3.627826
29 29 3.985504
29 30 4.375315
29 31 4.535140
29 32 4.613433
29 33 4.657765
29 34 4.685544
29 35 4.704064
29 36 4.716775
29 37 4.725472
29 38 4.731152
29 39 4.734370
29 40 4.735414
29 41 4.734370
29 42 4.731152
29 43 4.725472
29 44 4.716775
29 45 4.704064
29 46 4.685544
29 47 4.657765
29 48 4.613433
29 49 4.535140
29 50 4.375315
29 51 3.985504
29 52 3.627826
29 53 3.321599
29 54 3.054690
29 55 2.815757
29 56 2.597095
29 57 2.393619
29 58 2.201866
29 59 2.019361
29 60 1.844223
29 61 1.674910
29 62 1.510024
29 63 1.348121
29 64 1.187478
29 65 1.025734
29 66 0.859308
29 67 0.682463
29 68 0.486366
29 69 0.262101
29 70 0.033943
29 71 0.078448
29 72 0.123192
29 73 0.141585
29 74 0.140531
29 75 0.127554
29 76 0.107504
29 77 0.083279
29 78 0.056616
29 79 0.028607

30 1 0.027801
30 2 0.055035
30 3 0.080969
30 4 0.104472
30 5 0.123587
30 6 0.134619
30 7 0.129822
30 8 0.090499
30 9 -0.037280
30 10 -0.440633
30 11 0.156975
30 12 0.465592
30 13 0.683118
30 14 0.866878
30 15 1.036945
30 16 1.201812
30 17 1.365734
30 18 1.531199
30 19 1.699923
30 20 1.873323
30 21 2.052785
30 22 2.239877
30 23 2.436564
30 24 2.645533
30 25 2.870733
30 26 3.118512
30 27 3.400287
30 28 3.740156
30 29 4.200596
30 30 4.983333
30 31 4.983333
30 32 4.983333
30 33 4.983333
30 34 4.983333
30 35 4.983333
30 36 4.983333
30 37 4.983333
30 38 4.983333
30 39 4.983333
30 40 4.983333
30 41 4.983333
30 42 4.983333
30 43 4.983333
30 44 4.983333
30 45 4.983333
30 46 4.983333
30 47 4.983333
30 48 4.983333
30 49 4.983333
30 50 4.983333
30 51 4.200596
30 52 3.740156
30 53 3.400287
30 54 3.118512
30 55 2.870733
30 56 2.645533
30 57 2.436564
30 58 2.239877
30 59 2.052785
30 60 1.873323
30 61 1.699923
30 62 1.531199
30 63 1.365734
30 64 1.201812
30 65 1.036945
30 66 0.866878
30 67 0.683118
30 68 0.465592
30 69 0.156975
30 70 -0.440633
30 71 -0.037280
30 72 0.090499
30 73 0.129822
30 74 0.134619
30 75 0.123587
30 76 0.104472
30 77 0.080969
30 78 0.055035
30 79 0.027801

31 1 0.027563
31 2 0.054754
31 3 0.081091
31 4 0.105826
31 5 0.127703
31 6 0.144536
31 7 0.152587
31 8 0.146261
31 9 0.122564
31 10 0.117673
31 11 0.309671
31 12 0.516298
31 13 0.703654
31 14 0.876729
31 15 1.042422
31 16 1.205370
31 17 1.368471
31 18 1.533641
31 19 1.702310
31 20 1.875723
31 21 2.055140
31 22 2.241998
31 23 2.438092
31 24 2.645816
31 25 2.868546
31 26 3.111269
31 27 3.381583
31 28 3.690712
31 29 4.050686
31 30 4.442109
31 31 4.602841
31 32 4.681378
31 33 4.725401
31 34 4.752466
31 35 4.770035
31 36 4.781721
31 37 4.789466
31 38 4.794382
31 39 4.797109
31 40 4.797982
31 41 4.797109
31 42 4.794382
31 43 4.789466
31 44 4.781721
31 45 4.770035
31 46 4.752466
31 47 4.725401
31 48 4.681378
31 49 4.602841
31 50 4.442109
31 51 4.050686
31 52 3.690712
31 53 3.381583
31 54 3.111269
31 55 2.868546
31 56 2.645816
31 57 2.438092
31 58 2.241998
31 59 2.055140
31 60 1.875723
31 61 1.702310
31 62 1.533641
31 63 1.368471
31 64 1.205370
31 65 1.042422
31 66 0.876729
31 67 0.703654
31 68 0.516298
31 69 0.309671
31 70 0.117673
31 71 0.122564
31 72 0.146261
31 73 0.152587
31 74 0.144536
31 75 0.127703
31 76 0.105826
31 77 0.081091
31 78 0.054754
31 79 0.027563

32 1 0.027695
32 2 0.055328
32 3 0.082814
32 4 0.110040
32 5 0.136863
32 6 0.163236
32 7 0.189727
32 8 0.219395
32 9 0.263604
32 10 0.356501
32 11 0.447740
32 12 0.586276
32 13 0.738471
32 14 0.893962
32 15 1.050644
32 16 1.208775
32 17 1.369139
32 18 1.532584
32 19 1.699952
32 20 1.872119
32 21 2.050052
32 22 2.234883
32 23 2.427990
32 24 2.631095
32 25 2.846365
32 26 3.076436
32 27 3.324062
32 28 3.590425
32 29 3.869325
32 30 4.131577
32 31 4.304542
32 32 4.413938
32 33 4.484425
32 34 4.531095
32 35 4.562618
32 36 4.584050
32 37 4.598430
32 38 4.607620
32 39 4.612737
32 40 4.614380
32 41 4.612737
32 42 4.607620
32 43 4.598430
32 44 4.584050
32 45 4.562618
32 46 4.531095
32 47 4.484425
32 48 4.413938
32 49 4.304542
32 50 4.131577
32 51 3.869325
32 52 3.590425
32 53 3.324062
32 54 3.076436
32 55 2.846365
32 56 2.631095
32 57 2.427990
32 58 2.234883
32 59 2.050052
32 60 1.872119
32 61 1.699952
32 62 1.532584
32 63 1.369139
32 64 1.208775
32 65 1.050644
32 66 0.893962
32 67 0.738471
32 68 0.586276
32 69 0.447740
32 70 0.356501
32 71 0.263604
32 72 0.219395
32 73 0.189727
32 74 0.163236
32 75 0.136863
32 76 0.110040
32 77 0.082814
32 78 0.055328
32 79 0.027695

33 1 0.027892
33 2 0.056046
33 3 0.084799
33 4 0.114655
33 5 0.146473
33 6 0.181818
33 7 0.223692
33 8 0.277987
33 9 0.355957
33 10 0.476346
33 11 0.538513
33 12 0.642594
33 13 0.769993
33 14 0.910003
33 15 1.057417
33 16 1.209945
33 17 1.366726
33 18 1.527603
33 19 1.692796
33 20 1.862749
33 21 2.038067
33 22 2.219493
33 23 2.407889
33 24 2.604208
33 25 2.809384
33 26 3.024048
33 27 3.247803
33 28 3.477601
33 29 3.704614
33 30 3.910331
33 31 4.069812
33 32 4.185408
33 33 4.267266
33 34 4.324872
33 35 4.365294
33 36 4.393430
33 37 4.412583
33 38 4.424930
33 39 4.431839
33 40 4.434062
33 41 4.431839
33 42 4.424930
33 43 4.412583
33 44 4.393430
33 45 4.365294
33 46 4.324872
33 47 4.267266
33 48 4.185408
33 49 4.069812
33 50 3.910331
33 51 3.704614
33 52 3.477601
33 53 3.247803
33 54 3.024048
33 55 2.809384
33 56 2.604208
33 57 2.407889
33 58 2.219493
33 59 2.038067
33 60 1.862749
33 61 1.692796
33 62 1.527603
33 63 1.366726
33 64 1.209945
33 65 1.057417
33 66 0.910003
33 67 0.769993
33 68 0.642594
33 69 0.538513
33 70 0.476346
33 71 0.355957
33 72 0.277987
33 73 0.223692
33 74 0.181818
33 75 0.146473
33 76 0.114655
33 77 0.084799
33 78 0.056046
33 79 0.027892

34 1 0.027825
34 2 0.056168
34 3 0.085679
34 4 0.117308
34 5 0.152556
34 6 0.193871
34 7 0.245235
34 8 0.312903
34 9 0.405891
34 10 0.534808
34 11 0.587371
34 12 0.675593
34 13 0.788905
34 14 0.918640
34 15 1.059077
34 16 1.206864
34 17 1.360216
34 18 1.518307
34 19 1.680881
34 20 1.848013
34 21 2.019974
34 22 2.197131
34 23 2.379866
34 24 2.568464
34 25 2.762915
34 26 2.962568
34 27 3.165503
34 28 3.367560
34 29 3.561199
34 30 3.735319
34 31 3.878968
34 32 3.990617
34 33 4.074358
34 34 4.135833
34 35 4.180255
34 36 4.211793
34 37 4.233542
34 38 4.247679
34 39 4.255628
34 40 4.258191
34 41 4.255628
34 42 4.247679
34 43 4.233542
34 44 4.211793
34 45 4.180255
34 46 4.135833
34 47 4.074358
34 48 3.990617
34 49 3.878968
34 50 3.735319
34 51 3.561199
34 52 3.367560
34 53 3.165503
34 54 2.962568
34 55 2.762915
34 56 2.568464
34 57 2.379866
34 58 2.197131
34 59 2.019974
34 60 1.848013
34 61 1.680881
34 62 1.518307
34 63 1.360216
34 64 1.206864
34 65 1.059077
34 66 0.918640
34 67 0.788905
34 68 0.675593
34 69 0.587371
34 70 0.534808
34 71 0.405891
34 72 0.312903
34 73 0.245235
34 74 0.193871
34 75 0.152556
34 76 0.117308
34 77 0.085679
34 78 0.056168
34 79 0.027825

35 1 0.027239
35 2 0.055121
35 3 0.084442
35 4 0.116342
35 5 0.152572
35 6 0.195875
35 7 0.250473
35 8 0.322500
35 9 0.419896
35 10 0.550722
35 11 0.600570
35 12 0.683502
35 13 0.791396
35 14 0.916573
35 15 1.053387
35 16 1.198218
35 17 1.348967
35 18 1.504528
35 19 1.664406
35 20 1.828450
35 21 1.996685
35 22 2.169191
35 23 2.345981
35 24 2.526865
35 25 2.711245
35 26 2.897806
35 27 3.084081
35 28 3.265938
35 29 3.437302
35 30 3.590780
35 31 3.720125
35 32 3.823732
35 33 3.903715
35 34 3.963848
35 35 4.008102
35 36 4.039944
35 37 4.062113
35 38 4.076615
35 39 4.084802
35 40 4.087447
35 41 4.084802
35 42 4.076615
35 43 4.062113
35 44 4.039944
35 45 4.008102
35 46 3.963848
35 47 3.903715
35 48 3.823732
35 49 3.720125
35 50 3.590780
35 51 3.437302
35 52 3.265938
35 53 3.084081
35 54 2.897806
35 55 2.711245
35 56 2.526865
35 57 2.345981
35 58 2.169191
35 59 1.996685
35 60 1.828450
35 61 1.664406
35 62 1.504528
35 63 1.348967
35 64 1.198218
35 65 1.053387
35 66 0.916573
35 67 0.791396
35 68 0.683502
35 69 0.600570
35 70 0.550722
35 71 0.419896
35 72 0.322500
35 73 0.250473
35 74 0.195875
35 75 0.152572
35 76 0.116342
35 77 0.084442
35 78 0.055121
35 79 0.027239

36 1 0.026011
36 2 0.052636
36 3 0.080627
36 4 0.111046
36 5 0.145514
36 6 0.186585
36 7 0.238282
36 8 0.306728
36 9 0.400471
36 10 0.529243
36 11 0.580685
36 12 0.666448
36 13 0.776602
36 14 0.902870
36 15 1.039678
36 16 1.183655
36 17 1.332905
36 18 1.486434
36 19 1.643765
36 20 1.804693
36 21 1.969127
36 22 2.136968
36 23 2.308002
36 24 2.481770
36 25 2.657393
36 26 2.833332
36 27 3.007075
36 28 3.174810
36 29 3.331290
36 30 3.470374
36 31 3.587019
36 32 3.680472
36 33 3.752923
36 34 3.807741
36 35 3.848359
36 36 3.877769
36 37 3.898351
36 38 3.911868
36 39 3.919517
36 40 3.921992
36 41 3.919517
36 42 3.911868
36 43 3.898351
36 44 3.877769
36 45 3.848359
36 46 3.807741
36 47 3.752923
36 48 3.680472
36 49 3.587019
36 50 3.470374
36 51 3.331290
36 52 3.174810
36 53 3.007075
36 54 2.833332
36 55 2.657393
36 56 2.481770
36 57 2.308002
36 58 2.136968
36 59 1.969127
36 60 1.804693
36 61 1.643765
36 62 1.486434
36 63 1.332905
36 64 1.183655
36 65 1.039678
36 66 0.902870
36 67 0.776602
36 68 0.666448
36 69 0.580685
36 70 0.529243
36 71 0.400471
36 72 0.306728
36 73 0.238282
36 74 0.186585
36 75 0.145514
36 76 0.111046
36 77 0.080627
36 78 0.052636
36 79 0.026011

37 1 0.024168
37 2 0.048785
37 3 0.074384
37 4 0.101701
37 5 0.131852
37 6 0.166669
37 7 0.209344
37 8 0.265659
37 9 0.346018
37 10 0.467023
37 11 0.526478
37 12 0.625005
37 13 0.745694
37 14 0.878628
37 15 1.018802
37 16 1.163818
37 17 1.312563
37 18 1.464538
37 19 1.619527
37 20 1.777432
37 21 1.938161
37 22 2.101551
37 23 2.267289
37 24 2.434821
37 25 2.603226
37 26 2.771053
37 27 2.936076
37 28 3.094939
37 29 3.242674
37 30 3.372406
37 31 3.477107
37 32 3.558212
37 33 3.619766
37 34 3.665833
37 35 3.699825
37 36 3.724423
37 37 3.741654
37 38 3.752987
37 39 3.759408
37 40 3.761487
37 41 3.759408
37 42 3.752987
37 43 3.741654
37 44 3.724423
37 45 3.699825
37 46 3.665833
37 47 3.619766
37 48 3.558212
37 49 3.477107
37 50 3.372406
37 51 3.242674
37 52 3.094939
37 53 2.936076
37 54 2.771053
37 55 2.603226
37 56 2.434821
37 57 2.267289
37 58 2.101551
37 59 1.938161
37 60 1.777432
37 61 1.619527
37 62 1.464538
37 63 1.312563
37 64 1.163818
37 65 1.018802
37 66 0.878628
37 67 0.745694
37 68 0.625005
37 69 0.526478
37 70 0.467023
37 71 0.346018
37 72 0.265659
37 73 0.209344
37 74 0.166669
37 75 0.131852
37 76 0.101701
37 77 0.074384
37 78 0.048785
37 79 0.024168

38 1 0.021878
38 2 0.043951
38 3 0.066424
38 4 0.089521
38 5 0.113523
38 6 0.138895
38 7 0.166764
38 8 0.200545
38 9 0.250920
38 10 0.348119
38 11 0.433200
38 12 0.561401
38 13 0.702538
38 14 0.847148
38 15 0.993082
38 16 1.140253
38 17 1.288993
38 18 1.439626
38 19 1.592374
38 20 1.747347
38 21 1.904533
38 22 2.063785
38 23 2.224783
38 24 2.386997
38 25 2.549638
38 26 2.711579
38 27 2.871237
38 28 3.026194
38 29 3.172062
38 30 3.299469
38 31 3.390791
38 32 3.455505
38 33 3.502094
38 34 3.536001
38 35 3.560685
38 36 3.578443
38 37 3.590856
38 38 3.599017
38 39 3.603642
38 40 3.605139
38 41 3.603642
38 42 3.599017
38 43 3.590856
38 44 3.578443
38 45 3.560685
38 46 3.536001
38 47 3.502094
38 48 3.455505
38 49 3.390791
38 50 3.299469
38 51 3.172062
38 52 3.026194
38 53 2.871237
38 54 2.711579
38 55 2.549638
38 56 2.386997
38 57 2.224783
38 58 2.063785
38 59 1.904533
38 60 1.747347
38 61 1.592374
38 62 1.439626
38 63 1.288993
38 64 1.140253
38 65 0.993082
38 66 0.847148
38 67 0.702538
38 68 0.561401
38 69 0.433200
38 70 0.348119
38 71 0.250920
38 72 0.200545
38 73 0.166764
38 74 0.138895
38 75 0.113523
38 76 0.089521
38 77 0.066424
38 78 0.043951
38 79 0.021878

39 1 0.019391
39 2 0.038717
39 3 0.057839
39 4 0.076437
39 5 0.093825
39 6 0.108625
39 7 0.118273
39 8 0.118835
39 9 0.109001
39 10 0.121907
39 11 0.296802
39 12 0.484861
39 13 0.655911
39 14 0.814342
39 15 0.966126
39 16 1.115117
39 17 1.263530
39 18 1.412599
39 19 1.562997
39 20 1.715048
39 21 1.868841
39 22 2.024273
39 23 2.181059
39 24 2.338749
39 25 2.496747
39 26 2.654390
39 27 2.811098
39 28 2.966540
39 29 3.119912
39 30 3.262616
39 31 3.331082
39 32 3.370922
39 33 3.397102
39 34 3.415394
39 35 3.428471
39 36 3.437806
39 37 3.444311
39 38 3.448583
39 39 3.451003
39 40 3.451786
39 41 3.451003
39 42 3.448583
39 43 3.444311
39 44 3.437806
39 45 3.428471
39 46 3.415394
39 47 3.397102
39 48 3.370922
39 49 3.331082
39 50 3.262616
39 51 3.119912
39 52 2.966540
39 53 2.811098
39 54 2.654390
39 55 2.496747
39 56 2.338749
39 57 2.181059
39 58 2.024273
39 59 1.868841
39 60 1.715048
39 61 1.562997
39 62 1.412599
39 63 1.263530
39 64 1.115117
39 65 0.966126
39 66 0.814342
39 67 0.655911
39 68 0.484861
39 69 0.296802
39 70 0.121907
39 71 0.109001
39 72 0.118835
39 73 0.118273
39 74 0.108625
39 75 0.093825
39 76 0.076437
39 77 0.057839
39 78 0.038717
39 79 0.019391

40 1 0.016970
40 2 0.033688
40 3 0.049778
40 4 0.064562
40 5 0.076715
40 6 0.083508
40 7 0.078866
40 8 0.047522
40 9 -0.055660
40 10 -0.389335
40 11 0.147240
40 12 0.425329
40 13 0.621903
40 14 0.788184
40 15 0.941962
40 16 1.090561
40 17 1.237410
40 18 1.384245
40 19 1.531965
40 20 1.681007
40 21 1.831512
40 22 1.983405
40 23 2.136432
40 24 2.290192
40 25 2.444213
40 26 2.598134
40 27 2.752225
40 28 2.908955
40 29 3.078429
40 30 3.300000
40 31 3.300000
40 32 3.300000
40 33 3.300000
40 34 3.300000
40 35 3.300000
40 36 3.300000
40 37 3.300000
40 38 3.300000
40 39 3.300000
40 40 3.300000
40 41 3.300000
40 42 3.300000
40 43 3.300000
40 44 3.300000
40 45 3.300000
40 46 3.300000
40 47 3.300000
40 48 3.300000
40 49 3.300000
40 50 3.300000
40 51 3.078429
40 52 2.908955
40 53 2.752225
40 54 2.598134
40 55 2.444213
40 56 2.290192
40 57 2.136432
40 58 1.983405
40 59 1.831512
40 60 1.681007
40 61 1.531965
40 62 1.384245
40 63 1.237410
40 64 1.090561
40 65 0.941962
40 66 0.788184
40 67 0.621903
40 68 0.425329
40 69 0.147240
40 70 -0.389335
40 71 -0.055660
40 72 0.047522
40 73 0.078866
40 74 0.083508
40 75 0.076715
40 76 0.064562
40 77 0.049778
40 78 0.033688
40 79 0.016970

41 1 0.014802
41 2 0.029286
41 3 0.043024
41 4 0.055319
41 5 0.064965
41 6 0.069825
41 7 0.066163
41 8 0.048047
41 9 0.010172
41 10 -0.024061
41 11 0.178949
41 12 0.375972
41 13 0.546513
41 14 0.698888
41 15 0.840992
41 16 0.977764
41 17 1.112077
41 18 1.245575
41 19 1.379180
41 20 1.513365
41 21 1.648305
41 22 1.783954
41 23 1.920092
41 24 2.056365
41 25 2.192340
41 26 2.327613
41 27 2.461979
41 28 2.595596
41 29 2.728226
41 30 2.851837
41 31 2.903326
41 32 2.928583
41 33 2.942647
41 34 2.951179
41 35 2.956633
41 36 2.960208
41 37 2.962549
41 38 2.964021
41 39 2.964832
41 40 2.965092
41 41 2.964832
41 42 2.964021
41 43 2.962549
41 44 2.960208
41 45 2.956633
41 46 2.951179
41 47 2.942647
41 48 2.928583
41 49 2.903326
41 50 2.851837
41 51 2.728226
41 52 2.595596
41 53 2.461979
41 54 2.327613
41 55 2.192340
41 56 2.056365
41 57 1.920092
41 58 1.783954
41 59 1.648305
41 60 1.513365
41 61 1.379180
41 62 1.245575
41 63 1.112077
41 64 0.977764
41 65 0.840992
41 66 0.698888
41 67 0.546513
41 68 0.375972
41 69 0.178949
41 70 -0.024061
41 71 0.010172
41 72 0.048047
41 73 0.066163
41 74 0.069825
41 75 0.064965
41 76 0.055319
41 77 0.043024
41 78 0.029286
41 79 0.014802

42 1 0.012950
42 2 0.025631
42 3 0.037712
42 4 0.048725
42 5 0.058001
42 6 0.064665
42 7 0.067913
42 8 0.068331
42 9 0.072361
42 10 0.103970
42 11 0.216646
42 12 0.353097
42 13 0.489287
42 14 0.619863
42 15 0.745354
42 16 0.867427
42 17 0.987558
42 18 1.106799
42 19 1.225814
42 20 1.344968
42 21 1.464388
42 22 1.584013
42 23 1.703618
42 24 1.822835
42 25 1.941170
42 26 2.057998
42 27 2.172483
42 28 2.283225
42 29 2.387042
42 30 2.475797
42 31 2.532882
42 32 2.568361
42 33 2.590824
42 34 2.605437
42 35 2.615145
42 36 2.621652
42 37 2.625967
42 38 2.628702
42 39 2.630217
42 40 2.630702
42 41 2.630217
42 42 2.628702
42 43 2.625967
42 44 2.621652
42 45 2.615145
42 46 2.605437
42 47 2.590824
42 48 2.568361
42 49 2.532882
42 50 2.475797
42 51 2.387042
42 52 2.283225
42 53 2.172483
42 54 2.057998
42 55 1.941170
42 56 1.822835
42 57 1.703618
42 58 1.584013
42 59 1.464388
42 60 1.344968
42 61 1.225814
42 62 1.106799
42 63 0.987558
42 64 0.867427
42 65 0.745354
42 66 0.619863
42 67 0.489287
42 68 0.353097
42 69 0.216646
42 70 0.103970
42 71 0.072361
42 72 0.068331
42 73 0.067913
42 74 0.064665
42 75 0.058001
42 76 0.048725
42 77 0.037712
42 78 0.025631
42 79 0.012950

43 1 0.011366
43 2 0.022577
43 3 0.033468
43 4 0.043867
43 5 0.053650
43 6 0.062920
43 7 0.072493
43 8 0.085004
43 9 0.106972
43 10 0.150935
43 11 0.230567
43 12 0.330483
43 13 0.437677
43 14 0.545923
43 15 0.653135
43 16 0.759031
43 17 0.863930
43 18 0.968248
43 19 1.072311
43 20 1.176305
43 21 1.280268
43 22 1.384093
43 23 1.487530
43 24 1.590187
43 25 1.691507
43 26 1.790725
43 27 1.886731
43 28 1.977778
43 29 2.060920
43 30 2.131426
43 31 2.184044
43 32 2.221155
43 33 2.246853
43 34 2.264599
43 35 2.276858
43 36 2.285285
43 37 2.290967
43 38 2.294604
43 39 2.296631
43 40 2.297282
43 41 2.296631
43 42 2.294604
43 43 2.290967
43 44 2.285285
43 45 2.276858
43 46 2.264599
43 47 2.246853
43 48 2.221155
43 49 2.184044
43 50 2.131426
43 51 2.060920
43 52 1.977778
43 53 1.886731
43 54 1.790725
43 55 1.691507
43 56 1.590187
43 57 1.487530
43 58 1.384093
43 59 1.280268
43 60 1.176305
43 61 1.072311
43 62 0.968248
43 63 0.863930
43 64 0.759031
43 65 0.653135
43 66 0.545923
43 67 0.437677
43 68 0.330483
43 69 0.230567
43 70 0.150935
43 71 0.106972
43 72 0.085004
43 73 0.072493
43 74 0.062920
43 75 0.053650
43 76 0.043867
43 77 0.033468
43 78 0.022577
43 79 0.011366

44 1 0.009937
44 2 0.019843
44 3 0.029717
44 4 0.039626
44 5 0.049810
44 6 0.060872
44 7 0.074137
44 8 0.092218
44 9 0.119587
44 10 0.162233
44 11 0.224202
44 12 0.300591
44 13 0.385014
44 14 0.473018
44 15 0.562232
44 16 0.651632
44 17 0.740884
44 18 0.829951
44 19 0.918875
44 20 1.007672
44 21 1.096286
44 22 1.184560
44 23 1.272224
44 24 1.358875
44 25 1.443948
44 26 1.526664
44 27 1.605938
44 28 1.680235
44 29 1.747434
44 30 1.804943
44 31 1.850715
44 32 1.885361
44 33 1.910833
44 34 1.929249
44 35 1.942404
44 36 1.951664
44 37 1.958010
44 38 1.962117
44 39 1.964421
44 40 1.965163
44 41 1.964421
44 42 1.962117
44 43 1.958010
44 44 1.951664
44 45 1.942404
44 46 1.929249
44 47 1.910833
44 48 1.885361
44 49 1.850715
44 50 1.804943
44 51 1.747434
44 52 1.680235
44 53 1.605938
44 54 1.526664
44 55 1.443948
44 56 1.358875
44 57 1.272224
44 58 1.184560
44 59 1.096286
44 60 1.007672
44 61 0.918875
44 62 0.829951
44 63 0.740884
44 64 0.651632
44 65 0.562232
44 66 0.473018
44 67 0.385014
44 68 0.300591
44 69 0.224202
44 70 0.162233
44 71 0.119587
44 72 0.092218
44 73 0.074137
44 74 0.060872
44 75 0.049810
44 76 0.039626
44 77 0.029717
44 78 0.019843
44 79 0.009937

45 1 0.008537
45 2 0.017143
45 3 0.025930
45 4 0.035111
45 5 0.045093
45 6 0.056619
45 7 0.070966
45 8 0.090146
45 9 0.116923
45 10 0.154209
45 11 0.203417
45 12 0.262666
45 13 0.328768
45 14 0.398902
45 15 0.471145
45 16 0.544379
45 17 0.618023
45 18 0.691799
45 19 0.765567
45 20 0.839224
45 21 0.912643
45 22 0.985637
45 23 1.057931
45 24 1.129141
45 25 1.198745
45 26 1.266044
45 27 1.330121
45 28 1.389793
45 29 1.443637
45 30 1.490198
45 31 1.528511
45 32 1.558742
45 33 1.581868
45 34 1.599160
45 35 1.611845
45 36 1.620956
45 37 1.627292
45 38 1.631435
45 39 1.633772
45 40 1.634527
45 41 1.633772
45 42 1.631435
45 43 1.627292
45 44 1.620956
45 45 1.611845
45 46 1.599160
45 47 1.581868
45 48 1.558742
45 49 1.528511
45 50 1.490198
45 51 1.443637
45 52 1.389793
45 53 1.330121
45 54 1.266044
45 55 1.198745
45 56 1.129141
45 57 1.057931
45 58 0.985637
45 59 0.912643
45 60 0.839224
45 61 0.765567
45 62 0.691799
45 63 0.618023
45 64 0.544379
45 65 0.471145
45 66 0.398902
45 67 0.328768
45 68 0.262666
45 69 0.203417
45 70 0.154209
45 71 0.116923
45 72 0.090146
45 73 0.070966
45 74 0.056619
45 75 0.045093
45 76 0.035111
45 77 0.025930
45 78 0.017143
45 79 0.008537

46 1 0.007068
46 2 0.014261
46 3 0.021748
46 4 0.029794
46 5 0.038832
46 6 0.049546
46 7 0.062960
46 8 0.080477
46 9 0.103750
46 10 0.134262
46 11 0.172591
46 12 0.217889
46 13 0.268492
46 14 0.322676
46 15 0.379067
46 16 0.436716
46 17 0.495029
46 18 0.553654
46 19 0.612369
46 20 0.671013
46 21 0.729425
46 22 0.787413
46 23 0.844722
46 24 0.901014
46 25 0.955846
46 26 1.008648
46 27 1.058708
46 28 1.105177
46 29 1.147125
46 30 1.183701
46 31 1.214388
46 32 1.239227
46 33 1.258736
46 34 1.273677
46 35 1.284861
46 36 1.293023
46 37 1.298768
46 38 1.302557
46 39 1.304706
46 40 1.305403
46 41 1.304706
46 42 1.302557
46 43 1.298768
46 44 1.293023
46 45 1.284861
46 46 1.273677
46 47 1.258736
46 48 1.239227
46 49 1.214388
46 50 1.183701
46 51 1.147125
46 52 1.105177
46 53 1.058708
46 54 1.008648
46 55 0.955846
46 56 0.901014
46 57 0.844722
46 58 0.787413
46 59 0.729425
46 60 0.671013
46 61 0.612369
46 62 0.553654
46 63 0.495029
46 64 0.436716
46 65 0.379067
46 66 0.322676
46 67 0.268492
46 68 0.217889
46 69 0.172591
46 70 0.134262
46 71 0.103750
46 72 0.080477
46 73 0.062960
46 74 0.049546
46 75 0.038832
46 76 0.029794
46 77 0.021748
46 78 0.014261
46 79 0.007068

47 1 0.005475
47 2 0.011086
47 3 0.017007
47 4 0.023486
47 5 0.030895
47 6 0.039772
47 7 0.050853
47 8 0.065051
47 9 0.083339
47 10 0.106499
47 11 0.134796
47 12 0.167807
47 13 0.204633
47 14 0.244245
47 15 0.285731
47 16 0.328387
47 17 0.371725
47 18 0.415418
47 19 0.459243
47 20 0.503033
47 21 0.546633
47 22 0.589869
47 23 0.632531
47 24 0.674348
47 25 0.714977
47 26 0.753993
47 27 0.790887
47 28 0.825081
47 29 0.855985
47 30 0.883094
47 31 0.906112
47 32 0.925044
47 33 0.940173
47 34 0.951953
47 35 0.960899
47 36 0.967506
47 37 0.972201
47 38 0.975317
47 39 0.977094
47 40 0.977670
47 41 0.977094
47 42 0.975317
47 43 0.972201
47 44 0.967506
47 45 0.960899
47 46 0.951953
47 47 0.940173
47 48 0.925044
47 49 0.906112
47 50 0.883094
47 51 0.855985
47 52 0.825081
47 53 0.790887
47 54 0.753993
47 55 0.714977
47 56 0.674348
47 57 0.632531
47 58 0.589869
47 59 0.546633
47 60 0.503033
47 61 0.459243
47 62 0.415418
47 63 0.371725
47 64 0.328387
47 65 0.285731
47 66 0.244245
47 67 0.204633
47 68 0.167807
47 69 0.134796
47 70 0.106499
47 71 0.083339
47 72 0.065051
47 73 0.050853
47 74 0.039772
47 75 0.030895
47 76 0.023486
47 77 0.017007
47 78 0.011086
47 79 0.005475

48 1 0.003745
48 2 0.007602
48 3 0.011707
48 4 0.016248
48 5 0.021490
48 6 0.027794
48 7 0.035628
48 8 0.045535
48 9 0.058056
48 10 0.073598
48 11 0.092288
48 12 0.113909
48 13 0.137987
48 14 0.163942
48 15 0.191223
48 16 0.219378
48 17 0.248067
48 18 0.277050
48 19 0.306153
48 20 0.335244
48 21 0.364202
48 22 0.392899
48 23 0.421184
48 24 0.448868
48 25 0.475721
48 26 0.501462
48 27 0.525765
48 28 0.548274
48 29 0.568641
48 30 0.586579
48 31 0.601920
48 32 0.614664
48 33 0.624959
48 34 0.633061
48 35 0.639275
48 36 0.643902
48 37 0.647211
48 38 0.649419
48 39 0.650681
48 40 0.651091
48 41 0.650681
48 42 0.649419
48 43 0.647211
48 44 0.643902
48 45 0.639275
48 46 0.633061
48 47 0.624959
48 48 0.614664
48 49 0.601920
48 50 0.586579
48 51 0.568641
48 52 0.548274
48 53 0.525765
48 54 0.501462
48 55 0.475721
48 56 0.448868
48 57 0.421184
48 58 0.392899
48 59 0.364202
48 60 0.335244
48 61 0.306153
48 62 0.277050
48 63 0.248067
48 64 0.219378
48 65 0.191223
48 66 0.163942
48 67 0.137987
48 68 0.113909
48 69 0.092288
48 70 0.073598
48 71 0.058056
48 72 0.045535
48 73 0.035628
48 74 0.027794
48 75 0.021490
48 76 0.016248
48 77 0.011707
48 78 0.007602
48 79 0.003745

49 1 0.001904
49 2 0.003869
49 3 0.005972
49 4 0.008310
49 5 0.011022
49 6 0.014286
49 7 0.018329
49 8 0.023404
49 9 0.029752
49 10 0.037550
49 11 0.046848
49 12 0.057555
49 13 0.069463
49 14 0.082312
49 15 0.095842
49 16 0.109834
49 17 0.124115
49 18 0.138560
49 19 0.153075
49 20 0.167588
49 21 0.182033
49 22 0.196342
49 23 0.210437
49 24 0.224221
49 25 0.237578
49 26 0.250369
49 27 0.262436
49 28 0.273609
49 29 0.283727
49 30 0.292658
49 31 0.300328
49 32 0.306732
49 33 0.311938
49 34 0.316059
49 35 0.319237
49 36 0.321616
49 37 0.323323
49 38 0.324465
49 39 0.325120
49 40 0.325333
49 41 0.325120
49 42 0.324465
49 43 0.323323
49 44 0.321616
49 45 0.319237
49 46 0.316059
49 47 0.311938
49 48 0.306732
49 49 0.300328
49 50 0.292658
49 51 0.283727
49 52 0.273609
49 53 0.262436
49 54 0.250369
49 55 0.237578
49 56 0.224221
49 57 0.210437
49 58 0.196342
49 59 0.182033
49 60 0.167588
49 61 0.153075
49 62 0.138560
49 63 0.124115
49 64 0.109834
49 65 0.095842
49 66 0.082312
49 67 0.069463
49 68 0.057555
49 69 0.046848
49 70 0.037550
49 71 0.029752
49 72 0.023404
49 73 0.018329
49 74 0.014286
49 75 0.011022
49 76 0.008310
49 77 0.005972
49 78 0.003869
49 79 0.001904


